Run for timestep: 0.05
a value: 
0
0.005
0.01
0.015
0.02
0.025
0.03
0.035
0.04
0.045
0.05
0.055
0.06
0.065
0.07
0.075
0.08
0.085
0.09
0.095
0.1
0.105
0.11
0.115
0.12
0.125
0.13
0.135
0.14
0.145
0.15
0.155
0.16
0.165
0.17
0.175
0.18
0.185
0.19
0.195
0.2
0.205
0.21
0.215
0.22
0.225
0.23
0.235
0.24
0.245
0.25
0.255
0.26
0.265
0.27
0.275
0.28
0.285
0.29
0.295
0.3
0.305
0.31
0.315
0.32
0.325
0.33
0.335
0.34
0.345
0.35
0.355
0.36
0.365
0.37
0.375
0.38
0.385
0.39
0.395
0.4
0.405
0.41
0.415
0.42
0.425
0.43
0.435
0.44
0.445
0.45
0.455
0.46
0.465
0.47
0.475
0.48
0.485
0.49
0.495
0.5
0.505
0.51
0.515
0.52
0.525
0.53
0.535
0.54
0.545
0.55
0.555
0.56
0.565
0.57
0.575
0.58
0.585
0.59
0.595
0.6
0.605
0.61
0.615
0.62
0.625
0.63
0.635
0.64
0.645
0.65
0.655
0.66
0.665
0.67
0.675
0.68
0.685
0.69
0.695
0.7
0.705
0.71
0.715
0.72
0.725
0.73
0.735
0.74
0.745
0.75
0.755
0.76
0.765
0.77
0.775
0.78
0.785
0.79
0.795
0.8
0.805
0.81
0.815
0.82
0.825
0.83
0.835
0.84
0.845
0.85
0.855
0.86
0.865
0.87
0.875
0.88
0.885
0.89
0.895
0.9
0.905
0.91
0.915
0.92
0.925
0.93
0.935
0.94
0.945
0.95
0.955
0.96
0.965
0.97
0.975
0.98
0.985
0.99
0.995
Function value: 
0.199617
0.199616
0.199615
0.199614
0.199611
0.199609
0.199605
0.199601
0.199596
0.19959
0.199584
0.199577
0.199569
0.199561
0.199551
0.199541
0.199531
0.199519
0.199507
0.199494
0.199479
0.199464
0.199449
0.199432
0.199414
0.199395
0.199375
0.199354
0.199332
0.199309
0.199284
0.199259
0.199232
0.199203
0.199174
0.199143
0.19911
0.199076
0.19904
0.199003
0.198964
0.198923
0.198881
0.198836
0.19879
0.198741
0.198691
0.198638
0.198583
0.198526
0.198466
0.198403
0.198338
0.198271
0.1982
0.198127
0.19805
0.197971
0.197888
0.197801
0.197712
0.197618
0.197521
0.19742
0.197316
0.197207
0.197093
0.196975
0.196853
0.196726
0.196594
0.196457
0.196315
0.196167
0.196014
0.195855
0.19569
0.195519
0.195342
0.195158
0.194967
0.194769
0.194564
0.194352
0.194132
0.193904
0.193668
0.193423
0.19317
0.192908
0.192637
0.192356
0.192066
0.191765
0.191454
0.191133
0.1908
0.190457
0.190101
0.189734
0.189355
0.188963
0.188558
0.188139
0.187708
0.187262
0.186801
0.186326
0.185836
0.18533
0.184808
0.184269
0.183714
0.183142
0.182551
0.181943
0.181316
0.18067
0.180004
0.179318
0.178612
0.177884
0.177136
0.176365
0.175571
0.174755
0.173914
0.17305
0.172161
0.171247
0.170307
0.16934
0.168346
0.167325
0.166276
0.165198
0.164091
0.162953
0.161785
0.160586
0.159355
0.158091
0.156794
0.155464
0.154099
0.152698
0.151262
0.149789
0.148279
0.146732
0.145145
0.143519
0.141854
0.140147
0.138399
0.136609
0.134776
0.132899
0.130978
0.129011
0.126999
0.12494
0.122834
0.120679
0.118476
0.116223
0.113919
0.111565
0.109158
0.106698
0.104185
0.101617
0.0989948
0.0963162
0.0935809
0.0907881
0.0879371
0.085027
0.082057
0.0790264
0.0759344
0.0727802
0.069563
0.0662821
0.0629365
0.0595257
0.0560487
0.0525048
0.0488933
0.0452134
0.0414642
0.0376451
0.0337552
0.0297939
0.0257603
0.0216537
0.0174734
0.0132186
0.00888859
0.00448263


Run for timestep: 0.1
a value: 
0
0.005
0.01
0.015
0.02
0.025
0.03
0.035
0.04
0.045
0.05
0.055
0.06
0.065
0.07
0.075
0.08
0.085
0.09
0.095
0.1
0.105
0.11
0.115
0.12
0.125
0.13
0.135
0.14
0.145
0.15
0.155
0.16
0.165
0.17
0.175
0.18
0.185
0.19
0.195
0.2
0.205
0.21
0.215
0.22
0.225
0.23
0.235
0.24
0.245
0.25
0.255
0.26
0.265
0.27
0.275
0.28
0.285
0.29
0.295
0.3
0.305
0.31
0.315
0.32
0.325
0.33
0.335
0.34
0.345
0.35
0.355
0.36
0.365
0.37
0.375
0.38
0.385
0.39
0.395
0.4
0.405
0.41
0.415
0.42
0.425
0.43
0.435
0.44
0.445
0.45
0.455
0.46
0.465
0.47
0.475
0.48
0.485
0.49
0.495
0.5
0.505
0.51
0.515
0.52
0.525
0.53
0.535
0.54
0.545
0.55
0.555
0.56
0.565
0.57
0.575
0.58
0.585
0.59
0.595
0.6
0.605
0.61
0.615
0.62
0.625
0.63
0.635
0.64
0.645
0.65
0.655
0.66
0.665
0.67
0.675
0.68
0.685
0.69
0.695
0.7
0.705
0.71
0.715
0.72
0.725
0.73
0.735
0.74
0.745
0.75
0.755
0.76
0.765
0.77
0.775
0.78
0.785
0.79
0.795
0.8
0.805
0.81
0.815
0.82
0.825
0.83
0.835
0.84
0.845
0.85
0.855
0.86
0.865
0.87
0.875
0.88
0.885
0.89
0.895
0.9
0.905
0.91
0.915
0.92
0.925
0.93
0.935
0.94
0.945
0.95
0.955
0.96
0.965
0.97
0.975
0.98
0.985
0.99
0.995
Function value: 
0.38519
0.385186
0.385174
0.385155
0.385129
0.385095
0.385053
0.385003
0.384946
0.384881
0.384809
0.384729
0.384641
0.384545
0.384441
0.384329
0.38421
0.384082
0.383946
0.383802
0.38365
0.38349
0.383321
0.383144
0.382958
0.382764
0.382561
0.382349
0.382128
0.381899
0.38166
0.381413
0.381156
0.38089
0.380614
0.380328
0.380033
0.379728
0.379413
0.379088
0.378753
0.378408
0.378051
0.377685
0.377307
0.376918
0.376519
0.376108
0.375685
0.375251
0.374805
0.374347
0.373877
0.373395
0.3729
0.372392
0.371872
0.371338
0.370791
0.370231
0.369657
0.369069
0.368467
0.36785
0.367219
0.366573
0.365912
0.365236
0.364544
0.363836
0.363113
0.362373
0.361616
0.360843
0.360053
0.359245
0.35842
0.357577
0.356716
0.355836
0.354938
0.354021
0.353085
0.352129
0.351153
0.350157
0.34914
0.348103
0.347045
0.345965
0.344863
0.34374
0.342594
0.341425
0.340234
0.339019
0.33778
0.336517
0.33523
0.333918
0.332581
0.331218
0.32983
0.328415
0.326974
0.325506
0.32401
0.322487
0.320936
0.319356
0.317748
0.31611
0.314442
0.312745
0.311017
0.309258
0.307468
0.305647
0.303793
0.301907
0.299988
0.298036
0.29605
0.29403
0.291975
0.289886
0.287761
0.2856
0.283402
0.281168
0.278897
0.276588
0.274242
0.271856
0.269432
0.266968
0.264465
0.261921
0.259337
0.256711
0.254043
0.251334
0.248582
0.245786
0.242947
0.240065
0.237138
0.234165
0.231148
0.228084
0.224975
0.221818
0.218614
0.215363
0.212063
0.208715
0.205317
0.20187
0.198373
0.194825
0.191226
0.187575
0.183872
0.180117
0.176309
0.172448
0.168532
0.164563
0.160538
0.156458
0.152322
0.14813
0.143881
0.139575
0.135211
0.130789
0.126309
0.121769
0.11717
0.112511
0.107791
0.10301
0.0981684
0.0932644
0.0882982
0.0832692
0.0781769
0.073021
0.067801
0.0625164
0.0571669
0.0517518
0.0462709
0.0407237
0.0351097
0.0294285
0.0236797
0.0178629
0.0119776
0.00602346


Run for timestep: 0.2
a value: 
0
0.005
0.01
0.015
0.02
0.025
0.03
0.035
0.04
0.045
0.05
0.055
0.06
0.065
0.07
0.075
0.08
0.085
0.09
0.095
0.1
0.105
0.11
0.115
0.12
0.125
0.13
0.135
0.14
0.145
0.15
0.155
0.16
0.165
0.17
0.175
0.18
0.185
0.19
0.195
0.2
0.205
0.21
0.215
0.22
0.225
0.23
0.235
0.24
0.245
0.25
0.255
0.26
0.265
0.27
0.275
0.28
0.285
0.29
0.295
0.3
0.305
0.31
0.315
0.32
0.325
0.33
0.335
0.34
0.345
0.35
0.355
0.36
0.365
0.37
0.375
0.38
0.385
0.39
0.395
0.4
0.405
0.41
0.415
0.42
0.425
0.43
0.435
0.44
0.445
0.45
0.455
0.46
0.465
0.47
0.475
0.48
0.485
0.49
0.495
0.5
0.505
0.51
0.515
0.52
0.525
0.53
0.535
0.54
0.545
0.55
0.555
0.56
0.565
0.57
0.575
0.58
0.585
0.59
0.595
0.6
0.605
0.61
0.615
0.62
0.625
0.63
0.635
0.64
0.645
0.65
0.655
0.66
0.665
0.67
0.675
0.68
0.685
0.69
0.695
0.7
0.705
0.71
0.715
0.72
0.725
0.73
0.735
0.74
0.745
0.75
0.755
0.76
0.765
0.77
0.775
0.78
0.785
0.79
0.795
0.8
0.805
0.81
0.815
0.82
0.825
0.83
0.835
0.84
0.845
0.85
0.855
0.86
0.865
0.87
0.875
0.88
0.885
0.89
0.895
0.9
0.905
0.91
0.915
0.92
0.925
0.93
0.935
0.94
0.945
0.95
0.955
0.96
0.965
0.97
0.975
0.98
0.985
0.99
0.995
Function value: 
0.651796
0.651783
0.651746
0.651683
0.651596
0.651484
0.651347
0.651185
0.650998
0.650785
0.650548
0.650286
0.649999
0.649686
0.649349
0.648986
0.648598
0.648185
0.647746
0.647282
0.646793
0.646278
0.645738
0.645172
0.64458
0.643963
0.64332
0.642651
0.641957
0.641236
0.640489
0.639717
0.638918
0.638092
0.637241
0.636363
0.635458
0.634527
0.633569
0.632584
0.631573
0.630534
0.629468
0.628375
0.627254
0.626107
0.624931
0.623728
0.622497
0.621238
0.619951
0.618636
0.617293
0.615921
0.61452
0.613091
0.611633
0.610146
0.60863
0.607084
0.60551
0.603905
0.602271
0.600607
0.598913
0.597189
0.595434
0.593649
0.591834
0.589987
0.58811
0.586201
0.584261
0.58229
0.580286
0.578251
0.576184
0.574085
0.571953
0.569789
0.567591
0.565361
0.563098
0.560802
0.558471
0.556107
0.55371
0.551278
0.548811
0.546311
0.543775
0.541205
0.538599
0.535958
0.533281
0.530569
0.527821
0.525036
0.522215
0.519358
0.516463
0.513532
0.510563
0.507557
0.504512
0.50143
0.49831
0.495152
0.491954
0.488718
0.485443
0.482128
0.478774
0.47538
0.471946
0.468472
0.464957
0.461402
0.457805
0.454167
0.450488
0.446767
0.443005
0.4392
0.435352
0.431462
0.427529
0.423553
0.419533
0.41547
0.411363
0.407212
0.403016
0.398776
0.394491
0.39016
0.385785
0.381364
0.376896
0.372383
0.367823
0.363217
0.358564
0.353863
0.349116
0.34432
0.339477
0.334586
0.329646
0.324658
0.31962
0.314534
0.309398
0.304213
0.298977
0.293692
0.288356
0.28297
0.277532
0.272044
0.266504
0.260912
0.255269
0.249573
0.243826
0.238025
0.232172
0.226265
0.220305
0.214292
0.208225
0.202103
0.195928
0.189697
0.183412
0.177072
0.170677
0.164226
0.157719
0.151157
0.144538
0.137862
0.13113
0.124341
0.117495
0.110592
0.103631
0.0966116
0.0895346
0.0823992
0.0752054
0.0679528
0.0606412
0.0532705
0.0458404
0.0383506
0.030801
0.0231914
0.0155214
0.00779106


Run for timestep: 0.5
a value: 
0
0.005
0.01
0.015
0.02
0.025
0.03
0.035
0.04
0.045
0.05
0.055
0.06
0.065
0.07
0.075
0.08
0.085
0.09
0.095
0.1
0.105
0.11
0.115
0.12
0.125
0.13
0.135
0.14
0.145
0.15
0.155
0.16
0.165
0.17
0.175
0.18
0.185
0.19
0.195
0.2
0.205
0.21
0.215
0.22
0.225
0.23
0.235
0.24
0.245
0.25
0.255
0.26
0.265
0.27
0.275
0.28
0.285
0.29
0.295
0.3
0.305
0.31
0.315
0.32
0.325
0.33
0.335
0.34
0.345
0.35
0.355
0.36
0.365
0.37
0.375
0.38
0.385
0.39
0.395
0.4
0.405
0.41
0.415
0.42
0.425
0.43
0.435
0.44
0.445
0.45
0.455
0.46
0.465
0.47
0.475
0.48
0.485
0.49
0.495
0.5
0.505
0.51
0.515
0.52
0.525
0.53
0.535
0.54
0.545
0.55
0.555
0.56
0.565
0.57
0.575
0.58
0.585
0.59
0.595
0.6
0.605
0.61
0.615
0.62
0.625
0.63
0.635
0.64
0.645
0.65
0.655
0.66
0.665
0.67
0.675
0.68
0.685
0.69
0.695
0.7
0.705
0.71
0.715
0.72
0.725
0.73
0.735
0.74
0.745
0.75
0.755
0.76
0.765
0.77
0.775
0.78
0.785
0.79
0.795
0.8
0.805
0.81
0.815
0.82
0.825
0.83
0.835
0.84
0.845
0.85
0.855
0.86
0.865
0.87
0.875
0.88
0.885
0.89
0.895
0.9
0.905
0.91
0.915
0.92
0.925
0.93
0.935
0.94
0.945
0.95
0.955
0.96
0.965
0.97
0.975
0.98
0.985
0.99
0.995
Function value: 
0.938518
0.938496
0.938427
0.938313
0.938154
0.937949
0.937698
0.937402
0.937061
0.936673
0.93624
0.935762
0.935238
0.934668
0.934053
0.933392
0.932686
0.931934
0.931136
0.930293
0.929404
0.928469
0.927489
0.926463
0.925392
0.924274
0.923111
0.921903
0.920648
0.919348
0.918002
0.91661
0.915173
0.91369
0.912161
0.910586
0.908965
0.907298
0.905586
0.903827
0.902023
0.900173
0.898276
0.896334
0.894346
0.892312
0.890231
0.888105
0.885933
0.883714
0.88145
0.879139
0.876782
0.874379
0.87193
0.869434
0.866892
0.864304
0.86167
0.858989
0.856262
0.853488
0.850668
0.847802
0.844889
0.84193
0.838924
0.835872
0.832773
0.829627
0.826435
0.823196
0.81991
0.816578
0.813198
0.809772
0.806299
0.80278
0.799213
0.7956
0.791939
0.788232
0.784477
0.780675
0.776827
0.772931
0.768988
0.764997
0.76096
0.756875
0.752743
0.748564
0.744337
0.740063
0.735741
0.731372
0.726955
0.722491
0.717979
0.713419
0.708812
0.704157
0.699454
0.694703
0.689905
0.685058
0.680164
0.675222
0.670231
0.665193
0.660107
0.654972
0.649789
0.644558
0.639279
0.633952
0.628576
0.623151
0.617679
0.612158
0.606588
0.60097
0.595303
0.589587
0.583823
0.57801
0.572149
0.566238
0.560279
0.554271
0.548214
0.542108
0.535953
0.529748
0.523495
0.517193
0.510841
0.50444
0.49799
0.49149
0.484941
0.478343
0.471695
0.464998
0.458251
0.451454
0.444608
0.437712
0.430767
0.423772
0.416726
0.409631
0.402487
0.395292
0.388047
0.380752
0.373407
0.366012
0.358567
0.351071
0.343525
0.335929
0.328283
0.320586
0.312839
0.305041
0.297193
0.289294
0.281345
0.273345
0.265294
0.257193
0.249041
0.240838
0.232584
0.224279
0.215924
0.207517
0.199059
0.19055
0.181991
0.17338
0.164717
0.156004
0.147239
0.138423
0.129556
0.120637
0.111667
0.102645
0.0935723
0.0844477
0.0752714
0.0660436
0.0567641
0.0474328
0.0380499
0.0286152
0.0191286
0.00959026


Run for timestep: 1
a value: 
0
0.005
0.01
0.015
0.02
0.025
0.03
0.035
0.04
0.045
0.05
0.055
0.06
0.065
0.07
0.075
0.08
0.085
0.09
0.095
0.1
0.105
0.11
0.115
0.12
0.125
0.13
0.135
0.14
0.145
0.15
0.155
0.16
0.165
0.17
0.175
0.18
0.185
0.19
0.195
0.2
0.205
0.21
0.215
0.22
0.225
0.23
0.235
0.24
0.245
0.25
0.255
0.26
0.265
0.27
0.275
0.28
0.285
0.29
0.295
0.3
0.305
0.31
0.315
0.32
0.325
0.33
0.335
0.34
0.345
0.35
0.355
0.36
0.365
0.37
0.375
0.38
0.385
0.39
0.395
0.4
0.405
0.41
0.415
0.42
0.425
0.43
0.435
0.44
0.445
0.45
0.455
0.46
0.465
0.47
0.475
0.48
0.485
0.49
0.495
0.5
0.505
0.51
0.515
0.52
0.525
0.53
0.535
0.54
0.545
0.55
0.555
0.56
0.565
0.57
0.575
0.58
0.585
0.59
0.595
0.6
0.605
0.61
0.615
0.62
0.625
0.63
0.635
0.64
0.645
0.65
0.655
0.66
0.665
0.67
0.675
0.68
0.685
0.69
0.695
0.7
0.705
0.71
0.715
0.72
0.725
0.73
0.735
0.74
0.745
0.75
0.755
0.76
0.765
0.77
0.775
0.78
0.785
0.79
0.795
0.8
0.805
0.81
0.815
0.82
0.825
0.83
0.835
0.84
0.845
0.85
0.855
0.86
0.865
0.87
0.875
0.88
0.885
0.89
0.895
0.9
0.905
0.91
0.915
0.92
0.925
0.93
0.935
0.94
0.945
0.95
0.955
0.96
0.965
0.97
0.975
0.98
0.985
0.99
0.995
Function value: 
0.996589
0.996564
0.996489
0.996365
0.99619
0.995967
0.995693
0.99537
0.994996
0.994574
0.994101
0.993578
0.993006
0.992384
0.991713
0.990991
0.99022
0.989399
0.988528
0.987608
0.986638
0.985618
0.984548
0.983428
0.982259
0.98104
0.979771
0.978453
0.977085
0.975666
0.974199
0.972681
0.971114
0.969496
0.96783
0.966113
0.964346
0.96253
0.960664
0.958749
0.956783
0.954768
0.952703
0.950588
0.948423
0.946209
0.943944
0.941631
0.939267
0.936853
0.93439
0.931877
0.929314
0.926701
0.924039
0.921326
0.918564
0.915753
0.912891
0.909979
0.907018
0.904007
0.900946
0.897836
0.894675
0.891465
0.888205
0.884895
0.881535
0.878126
0.874666
0.871157
0.867598
0.86399
0.860331
0.856623
0.852864
0.849056
0.845198
0.841291
0.837333
0.833326
0.829269
0.825162
0.821005
0.816798
0.812541
0.808235
0.803879
0.799473
0.795017
0.790511
0.785955
0.781349
0.776694
0.771989
0.767234
0.762429
0.757574
0.752669
0.747715
0.74271
0.737656
0.732552
0.727397
0.722193
0.71694
0.711636
0.706282
0.700879
0.695425
0.689922
0.684369
0.678765
0.673112
0.667409
0.661657
0.655854
0.650001
0.644099
0.638146
0.632144
0.626091
0.619989
0.613837
0.607635
0.601383
0.595081
0.588729
0.582327
0.575875
0.569373
0.562822
0.55622
0.549568
0.542867
0.536115
0.529314
0.522462
0.515561
0.50861
0.501608
0.494557
0.487456
0.480304
0.473103
0.465852
0.458551
0.4512
0.443798
0.436347
0.428846
0.421295
0.413694
0.406043
0.398342
0.390591
0.382789
0.374938
0.367037
0.359086
0.351085
0.343033
0.334932
0.326781
0.31858
0.310328
0.302027
0.293676
0.285274
0.276823
0.268321
0.25977
0.251168
0.242516
0.233815
0.225063
0.216261
0.207409
0.198508
0.189556
0.180554
0.171501
0.162399
0.153247
0.144045
0.134792
0.12549
0.116137
0.106735
0.0972821
0.0877793
0.0782264
0.0686234
0.0589704
0.0492672
0.039514
0.0297106
0.0198572
0.00995365


Run for timestep: 1e+06
a value: 
0
0.005
0.01
0.015
0.02
0.025
0.03
0.035
0.04
0.045
0.05
0.055
0.06
0.065
0.07
0.075
0.08
0.085
0.09
0.095
0.1
0.105
0.11
0.115
0.12
0.125
0.13
0.135
0.14
0.145
0.15
0.155
0.16
0.165
0.17
0.175
0.18
0.185
0.19
0.195
0.2
0.205
0.21
0.215
0.22
0.225
0.23
0.235
0.24
0.245
0.25
0.255
0.26
0.265
0.27
0.275
0.28
0.285
0.29
0.295
0.3
0.305
0.31
0.315
0.32
0.325
0.33
0.335
0.34
0.345
0.35
0.355
0.36
0.365
0.37
0.375
0.38
0.385
0.39
0.395
0.4
0.405
0.41
0.415
0.42
0.425
0.43
0.435
0.44
0.445
0.45
0.455
0.46
0.465
0.47
0.475
0.48
0.485
0.49
0.495
0.5
0.505
0.51
0.515
0.52
0.525
0.53
0.535
0.54
0.545
0.55
0.555
0.56
0.565
0.57
0.575
0.58
0.585
0.59
0.595
0.6
0.605
0.61
0.615
0.62
0.625
0.63
0.635
0.64
0.645
0.65
0.655
0.66
0.665
0.67
0.675
0.68
0.685
0.69
0.695
0.7
0.705
0.71
0.715
0.72
0.725
0.73
0.735
0.74
0.745
0.75
0.755
0.76
0.765
0.77
0.775
0.78
0.785
0.79
0.795
0.8
0.805
0.81
0.815
0.82
0.825
0.83
0.835
0.84
0.845
0.85
0.855
0.86
0.865
0.87
0.875
0.88
0.885
0.89
0.895
0.9
0.905
0.91
0.915
0.92
0.925
0.93
0.935
0.94
0.945
0.95
0.955
0.96
0.965
0.97
0.975
0.98
0.985
0.99
0.995
Function value: 
1
0.999975
0.9999
0.999775
0.9996
0.999375
0.9991
0.998775
0.9984
0.997975
0.9975
0.996975
0.9964
0.995775
0.9951
0.994375
0.9936
0.992775
0.9919
0.990975
0.99
0.988975
0.9879
0.986775
0.9856
0.984375
0.9831
0.981775
0.9804
0.978975
0.9775
0.975975
0.9744
0.972775
0.9711
0.969375
0.9676
0.965775
0.9639
0.961975
0.96
0.957975
0.9559
0.953775
0.9516
0.949375
0.9471
0.944775
0.9424
0.939975
0.9375
0.934975
0.9324
0.929775
0.9271
0.924375
0.9216
0.918775
0.9159
0.912975
0.91
0.906975
0.9039
0.900775
0.8976
0.894375
0.8911
0.887775
0.8844
0.880975
0.8775
0.873975
0.8704
0.866775
0.8631
0.859375
0.8556
0.851775
0.8479
0.843975
0.84
0.835975
0.8319
0.827775
0.8236
0.819375
0.8151
0.810775
0.8064
0.801975
0.7975
0.792975
0.7884
0.783775
0.7791
0.774375
0.7696
0.764775
0.7599
0.754975
0.75
0.744975
0.7399
0.734775
0.7296
0.724375
0.7191
0.713775
0.7084
0.702975
0.6975
0.691975
0.6864
0.680775
0.6751
0.669375
0.6636
0.657775
0.6519
0.645975
0.64
0.633975
0.6279
0.621775
0.6156
0.609375
0.6031
0.596775
0.5904
0.583975
0.5775
0.570975
0.5644
0.557775
0.5511
0.544375
0.5376
0.530775
0.5239
0.516975
0.51
0.502975
0.4959
0.488775
0.4816
0.474375
0.4671
0.459775
0.4524
0.444975
0.4375
0.429975
0.4224
0.414775
0.4071
0.399375
0.3916
0.383775
0.3759
0.367975
0.36
0.351975
0.3439
0.335775
0.3276
0.319375
0.3111
0.302775
0.2944
0.285975
0.2775
0.268975
0.2604
0.251775
0.2431
0.234375
0.2256
0.216775
0.2079
0.198975
0.19
0.180975
0.1719
0.162775
0.1536
0.144375
0.1351
0.125775
0.1164
0.106975
0.0975
0.087975
0.0784
0.068775
0.0591
0.049375
0.0396
0.029775
0.0199
0.009975


